1 31 1
 1 40 1
 3 40 1
 3 41 1
 5 18 1
 5 44 1
 10 13 1
 10 19 1
 10 39 1
 12 17 1
 12 18 1
 12 27 1
 12 40 1
 12 40 2
 13 55 1
 14 34 1
 14 44 1
 15 16 1
 15 24 1
 15 54 1
 15 54 2
 15 54 3
 16 27 1
 17 19 1
 18 37 1
 18 37 2
 20 34 1
 20 48 1
 20 50 1
 21 48 1
 21 48 2
 24 44 1
 28 29 1
 28 29 2
 31 28 1
 32 29 1
 29 41 1
 56 29 1
 30 32 1
 30 41 1
 35 31 1
 31 38 1
 33 32 1
 33 50 1
 35 39 1
 35 56 1
 39 38 1
 39 38 2
 39 40 1
 39 47 1
 44 41 1
 44 41 2
 48 47 1
 47 53 1
 48 54 1
 54 53 1
 54 55 1